テストマップ
ギミックテスト用マップ
1,1,0,0,0,0,0,0,1,0
4,-1,-1,-1,1
4,-1,-1,-1,1
4,-1,-1,-1,1
4,-1,-1,-1,1
4,-1,-1,-1,1
4,-1,-1,-1,1
4,-1,-1,-1,1
4,-1,-1,-1,1
4,-1,-1,-1,1
4,-1,-1,-1,1
4,-1,-1,-1,1
4,-1,-1,-1,1
4,-1,-1,-1,1
-1,-1,-1,-1,0
-1,-1,-1,-1,0
4,-1,-1,-1,1
4,-1,-1,-1,1
4,-1,-1,-1,1
4,-1,-1,-1,1
4,-1,-1,-1,1
-1,-1,-1,-1,0
-1,-1,-1,-1,0
-1,-1,-1,-1,0
-1,-1,-1,-1,0
-1,-1,-1,-1,0
-1,-1,-1,-1,0
-1,-1,-1,-1,0
-1,-1,-1,-1,0
-1,-1,-1,-1,0
-1,-1,-1,-1,0
-1,-1,-1,-1,0
-1,-1,-1,-1,0
-1,-1,-1,-1,0
-1,-1,-1,-1,0
-1,-1,-1,-1,0
-1,-1,-1,-1,0
-1,-1,-1,-1,0
-1,-1,-1,-1,0
-1,-1,-1,-1,0
-1,-1,-1,-1,0
4,-1,-1,-1,1
2,80,-1,-1,0
1,-1,-1,-1,0
1,89,-1,-1,0
4,-1,-1,-1,1
53,-1,-1,-1,0
66,-1,-1,-1,0
4,-1,-1,-1,1
4,-1,-1,-1,1
4,-1,-1,-1,1
1,-1,-1,96,0
1,-1,-1,-1,0
4,-1,-1,-1,1
-1,-1,-1,-1,0
-1,-1,-1,-1,0
4,-1,-1,-1,1
2,-1,-1,-1,0
2,105,-1,-1,0
2,-1,-1,-1,0
4,-1,-1,-1,1
-1,-1,-1,-1,0
-1,-1,-1,-1,0
-1,-1,-1,-1,0
-1,-1,-1,-1,0
-1,-1,-1,-1,0
-1,-1,-1,-1,0
-1,-1,-1,-1,0
-1,-1,-1,-1,0
-1,-1,-1,-1,0
-1,-1,-1,-1,0
-1,-1,-1,-1,0
-1,-1,-1,-1,0
-1,-1,-1,-1,0
-1,-1,-1,-1,0
-1,-1,-1,-1,0
-1,-1,-1,-1,0
-1,-1,-1,-1,0
-1,-1,-1,-1,0
-1,-1,-1,-1,0
-1,-1,-1,-1,0
4,-1,-1,-1,1
2,81,-1,4,1
4,-1,-1,4,1
4,-1,-1,4,1
4,-1,-1,4,1
4,-1,-1,4,1
65,-1,-1,-1,0
4,-1,-1,-1,1
4,-1,-1,-1,1
4,-1,-1,-1,1
4,-1,-1,-1,1
4,-1,-1,-1,1
4,-1,-1,-1,1
-1,-1,-1,-1,0
-1,-1,-1,-1,0
4,-1,-1,-1,1
2,-1,-1,-1,0
72,-1,-1,-1,0
2,-1,-1,-1,0
4,-1,-1,-1,1
-1,-1,-1,-1,0
-1,-1,-1,-1,0
-1,-1,-1,-1,0
-1,-1,-1,-1,0
-1,-1,-1,-1,0
-1,-1,-1,-1,0
-1,-1,-1,-1,0
-1,-1,-1,-1,0
-1,-1,-1,-1,0
-1,-1,-1,-1,0
-1,-1,-1,-1,0
-1,-1,-1,-1,0
-1,-1,-1,-1,0
-1,-1,-1,-1,0
-1,-1,-1,-1,0
-1,-1,-1,-1,0
-1,-1,-1,-1,0
-1,-1,-1,-1,0
-1,-1,-1,-1,0
-1,-1,-1,-1,0
4,-1,-1,-1,1
2,82,-1,-1,0
1,-1,-1,-1,0
1,-1,-1,-1,0
1,-1,-1,-1,0
1,-1,-1,-1,0
1,-1,-1,-1,0
1,-1,-1,-1,0
61,-1,-1,-1,0
51,-1,-1,-1,0
4,-1,-1,-1,1
4,-1,-1,-1,1
4,-1,-1,-1,1
4,-1,-1,-1,1
4,-1,-1,-1,1
4,-1,-1,-1,1
2,-1,-1,-1,0
2,-1,-1,-1,0
2,-1,-1,-1,0
4,-1,-1,-1,1
-1,-1,-1,-1,0
-1,-1,-1,-1,0
-1,-1,-1,-1,0
-1,-1,-1,-1,0
-1,-1,-1,-1,0
-1,-1,-1,-1,0
-1,-1,-1,-1,0
-1,-1,-1,-1,0
-1,-1,-1,-1,0
-1,-1,-1,-1,0
-1,-1,-1,-1,0
-1,-1,-1,-1,0
-1,-1,-1,-1,0
-1,-1,-1,-1,0
-1,-1,-1,-1,0
-1,-1,-1,-1,0
-1,-1,-1,-1,0
-1,-1,-1,-1,0
-1,-1,-1,-1,0
-1,-1,-1,-1,0
4,-1,-1,-1,1
2,83,-1,-1,0
1,-1,-1,-1,0
1,-1,-1,-1,0
1,-1,-1,-1,0
1,-1,-1,-1,0
1,89,-1,-1,0
1,-1,-1,-1,0
1,88,-1,-1,0
4,-1,-1,-1,1
4,-1,-1,-1,1
2,105,-1,-1,0
67,-1,-1,-1,0
23,-1,-1,-1,0
57,-1,-1,-1,0
2,-1,-1,-1,0
2,-1,-1,-1,0
2,-1,-1,-1,0
2,-1,-1,-1,0
4,-1,-1,-1,1
-1,-1,-1,-1,0
-1,-1,-1,-1,0
-1,-1,-1,-1,0
-1,-1,-1,-1,0
-1,-1,-1,-1,0
-1,-1,-1,-1,0
-1,-1,-1,-1,0
-1,-1,-1,-1,0
-1,-1,-1,-1,0
-1,-1,-1,-1,0
-1,-1,-1,-1,0
-1,-1,-1,-1,0
-1,-1,-1,-1,0
-1,-1,-1,-1,0
-1,-1,-1,-1,0
-1,-1,-1,-1,0
-1,-1,-1,-1,0
-1,-1,-1,-1,0
-1,-1,-1,-1,0
-1,-1,-1,-1,0
4,-1,-1,-1,1
2,84,-1,-1,0
1,-1,-1,-1,0
1,-1,-1,-1,0
1,-1,-1,-1,0
1,-1,-1,-1,0
1,88,-1,-1,0
1,-1,-1,-1,0
1,87,-1,-1,0
4,-1,-1,-1,1
4,-1,-1,-1,1
2,-1,-1,-1,0
2,-1,-1,-1,0
2,-1,-1,-1,0
2,-1,-1,-1,0
2,-1,-1,-1,0
2,-1,-1,-1,0
2,-1,-1,-1,0
2,-1,-1,-1,0
4,-1,-1,-1,1
-1,-1,-1,-1,0
-1,-1,-1,-1,0
-1,-1,-1,-1,0
-1,-1,-1,-1,0
-1,-1,-1,-1,0
-1,-1,-1,-1,0
-1,-1,-1,-1,0
-1,-1,-1,-1,0
-1,-1,-1,-1,0
-1,-1,-1,-1,0
-1,-1,-1,-1,0
-1,-1,-1,-1,0
-1,-1,-1,-1,0
-1,-1,-1,-1,0
-1,-1,-1,-1,0
-1,-1,-1,-1,0
-1,-1,-1,-1,0
-1,-1,-1,-1,0
-1,-1,-1,-1,0
-1,-1,-1,-1,0
4,-1,-1,-1,1
2,85,-1,-1,0
1,90,-1,-1,0
1,-1,-1,-1,0
1,86,-1,-1,0
1,-1,-1,-1,0
1,87,-1,-1,0
1,-1,-1,-1,0
1,86,-1,-1,0
4,-1,-1,-1,1
4,-1,-1,-1,1
2,-1,-1,-1,0
2,-1,-1,-1,0
2,-1,-1,-1,0
2,-1,-1,-1,0
2,-1,-1,-1,0
2,-1,-1,-1,0
2,-1,-1,-1,0
2,-1,-1,-1,0
4,-1,-1,-1,1
-1,-1,-1,-1,0
-1,-1,-1,-1,0
-1,-1,-1,-1,0
-1,-1,-1,-1,0
-1,-1,-1,-1,0
-1,-1,-1,-1,0
-1,-1,-1,-1,0
-1,-1,-1,-1,0
-1,-1,-1,-1,0
-1,-1,-1,-1,0
-1,-1,-1,-1,0
-1,-1,-1,-1,0
-1,-1,-1,-1,0
-1,-1,-1,-1,0
-1,-1,-1,-1,0
-1,-1,-1,-1,0
-1,-1,-1,-1,0
-1,-1,-1,-1,0
-1,-1,-1,-1,0
-1,-1,-1,-1,0
4,-1,-1,-1,1
2,-1,-1,-1,0
3,-1,-1,-1,0
1,-1,-1,-1,0
1,85,-1,-1,0
1,-1,-1,-1,0
1,-1,-1,-1,0
1,-1,-1,-1,0
1,-1,-1,95,0
2,-1,-1,-1,0
2,82,-1,-1,0
2,-1,-1,-1,0
2,-1,-1,-1,0
2,-1,-1,-1,0
2,-1,-1,-1,0
2,-1,-1,-1,0
24,-1,-1,-1,1
2,-1,-1,-1,0
2,-1,-1,-1,0
4,-1,-1,-1,1
-1,-1,-1,-1,0
-1,-1,-1,-1,0
-1,-1,-1,-1,0
-1,-1,-1,-1,0
-1,-1,-1,-1,0
-1,-1,-1,-1,0
-1,-1,-1,-1,0
-1,-1,-1,-1,0
-1,-1,-1,-1,0
-1,-1,-1,-1,0
-1,-1,-1,-1,0
-1,-1,-1,-1,0
-1,-1,-1,-1,0
-1,-1,-1,-1,0
-1,-1,-1,-1,0
-1,-1,-1,-1,0
-1,-1,-1,-1,0
-1,-1,-1,-1,0
-1,-1,-1,-1,0
-1,-1,-1,-1,0
4,-1,-1,-1,1
55,-1,-1,-1,0
3,-1,-1,-1,0
50,-1,-1,-1,0
4,-1,-1,-1,1
4,-1,-1,-1,1
4,-1,-1,-1,1
4,-1,-1,-1,1
4,-1,-1,-1,1
4,-1,-1,-1,1
4,-1,-1,-1,1
19,-1,-1,-1,1
65,-1,-1,-1,0
19,-1,-1,-1,1
24,-1,-1,-1,1
24,-1,-1,-1,1
24,-1,-1,-1,1
2,-1,-1,-1,0
2,-1,-1,-1,0
4,-1,-1,-1,1
-1,-1,-1,-1,0
-1,-1,-1,-1,0
-1,-1,-1,-1,0
-1,-1,-1,-1,0
4,-1,-1,-1,1
-1,-1,-1,-1,0
-1,-1,-1,-1,0
-1,-1,-1,-1,0
-1,-1,-1,-1,0
-1,-1,-1,-1,0
-1,-1,-1,-1,0
-1,-1,-1,-1,0
-1,-1,-1,-1,0
-1,-1,-1,-1,0
-1,-1,-1,-1,0
-1,-1,-1,-1,0
-1,-1,-1,-1,0
-1,-1,-1,-1,0
-1,-1,-1,-1,0
-1,-1,-1,-1,0
4,-1,-1,-1,1
3,-1,-1,-1,0
3,-1,-1,-1,0
3,-1,-1,-1,0
3,-1,-1,-1,0
3,-1,-1,-1,0
4,-1,-1,-1,1
60,-1,-1,-1,0
3,-1,-1,-1,0
4,-1,-1,-1,1
4,-1,-1,-1,1
2,-1,-1,-1,0
2,-1,-1,-1,0
71,-1,-1,-1,0
24,-1,-1,-1,1
24,-1,-1,-1,1
24,-1,-1,-1,1
2,-1,-1,-1,0
2,-1,-1,-1,0
4,-1,-1,-1,1
-1,-1,-1,-1,0
-1,-1,-1,-1,0
4,-1,-1,-1,1
4,-1,-1,-1,1
4,-1,-1,-1,1
-1,-1,-1,-1,0
-1,-1,-1,-1,0
-1,-1,-1,-1,0
-1,-1,-1,-1,0
-1,-1,-1,-1,0
-1,-1,-1,-1,0
-1,-1,-1,-1,0
-1,-1,-1,-1,0
-1,-1,-1,-1,0
-1,-1,-1,-1,0
-1,-1,-1,-1,0
-1,-1,-1,-1,0
-1,-1,-1,-1,0
-1,-1,-1,-1,0
-1,-1,-1,-1,0
4,-1,-1,-1,1
3,-1,-1,-1,0
3,-1,-1,-1,0
3,-1,-1,-1,0
4,-1,-1,-1,1
3,-1,-1,-1,0
3,-1,-1,-1,0
3,-1,-1,-1,0
3,-1,-1,-1,0
4,-1,-1,-1,1
4,-1,-1,-1,1
2,-1,-1,-1,0
2,-1,-1,-1,0
56,-1,-1,-1,0
24,-1,-1,-1,1
24,-1,-1,-1,1
24,-1,-1,-1,1
2,-1,-1,-1,0
2,-1,-1,-1,0
4,-1,-1,-1,1
-1,-1,-1,-1,0
4,-1,-1,-1,1
4,-1,-1,-1,1
4,-1,-1,-1,1
4,-1,-1,-1,1
-1,-1,-1,-1,0
-1,-1,-1,-1,0
-1,-1,-1,-1,0
-1,-1,-1,-1,0
-1,-1,-1,-1,0
-1,-1,-1,-1,0
-1,-1,-1,-1,0
-1,-1,-1,-1,0
14,-1,-1,-1,0
14,-1,-1,-1,0
14,-1,-1,-1,0
-1,-1,-1,-1,0
-1,-1,-1,-1,0
-1,-1,-1,-1,0
-1,-1,-1,-1,0
4,-1,-1,-1,1
3,-1,-1,-1,0
3,-1,-1,-1,0
3,-1,-1,-1,0
4,-1,-1,-1,1
4,-1,-1,-1,1
70,-1,-1,-1,0
4,-1,-1,-1,1
3,-1,-1,-1,0
4,-1,-1,-1,1
4,-1,-1,-1,1
3,-1,-1,-1,0
3,-1,-1,-1,0
3,-1,-1,-1,0
24,-1,-1,-1,1
24,-1,-1,-1,1
24,-1,-1,-1,1
2,-1,-1,-1,0
2,-1,-1,-1,0
4,-1,-1,-1,1
4,-1,-1,-1,1
4,-1,-1,-1,1
4,-1,-1,-1,1
4,-1,-1,-1,1
4,-1,-1,-1,1
14,-1,-1,-1,1
14,-1,-1,-1,0
14,-1,-1,-1,0
14,-1,-1,-1,0
14,-1,-1,-1,0
14,-1,-1,-1,0
-1,-1,-1,-1,0
14,-1,-1,-1,0
-1,-1,-1,-1,0
-1,-1,-1,-1,0
-1,-1,-1,-1,0
-1,-1,-1,-1,0
-1,-1,-1,-1,0
-1,-1,-1,-1,0
-1,-1,-1,-1,0
4,-1,-1,-1,1
51,-1,-1,-1,0
3,-1,-1,-1,0
3,-1,-1,-1,0
4,-1,-1,-1,1
4,-1,-1,-1,1
4,-1,-1,-1,1
4,-1,-1,-1,1
4,-1,-1,-1,1
4,-1,-1,-1,1
9,-1,-1,-1,1
17,-1,-1,-1,0
3,-1,-1,-1,0
3,-1,-1,-1,0
3,-1,-1,-1,0
3,-1,-1,-1,0
57,-1,-1,-1,0
2,-1,-1,-1,0
66,-1,-1,-1,0
14,-1,-1,14,1
14,-1,-1,14,1
14,-1,-1,14,1
14,-1,-1,14,1
14,-1,-1,14,1
14,-1,-1,14,1
14,-1,-1,14,1
14,-1,-1,14,1
14,-1,-1,14,1
14,-1,-1,14,1
14,-1,-1,14,1
14,-1,-1,14,1
14,-1,-1,14,1
14,-1,-1,14,1
14,-1,-1,14,1
14,-1,-1,14,1
14,105,-1,14,1
14,105,-1,14,1
14,105,-1,14,1
14,105,-1,-1,1
-1,-1,-1,-1,0
4,-1,-1,-1,1
4,-1,-1,-1,1
4,-1,-1,-1,1
4,-1,-1,-1,1
4,68,-1,-1,1
9,-1,-1,-1,1
9,-1,-1,-1,1
9,-1,-1,-1,1
9,-1,-1,-1,1
9,-1,-1,-1,1
9,-1,-1,-1,1
65,-1,-1,-1,0
3,-1,-1,-1,0
3,-1,-1,-1,0
3,-1,-1,-1,0
3,-1,-1,-1,0
2,-1,-1,-1,0
2,-1,-1,-1,0
2,-1,-1,-1,0
4,-1,-1,-1,1
4,-1,-1,-1,1
4,-1,-1,-1,1
4,-1,-1,-1,1
3,-1,-1,-1,0
4,-1,-1,-1,1
-1,-1,-1,-1,0
-1,-1,-1,-1,0
-1,-1,-1,-1,0
-1,-1,-1,-1,0
-1,-1,-1,-1,0
-1,-1,-1,-1,0
-1,-1,-1,-1,0
-1,-1,-1,-1,0
-1,-1,-1,-1,0
-1,-1,-1,-1,0
-1,-1,-1,-1,0
-1,-1,-1,-1,0
-1,-1,-1,-1,0
-1,-1,-1,-1,0
-1,-1,-1,-1,0
9,-1,-1,-1,1
9,-1,-1,-1,1
9,-1,-1,-1,1
9,-1,-1,-1,1
9,-1,-1,-1,1
9,-1,-1,-1,1
9,-1,-1,-1,1
9,-1,-1,-1,1
9,-1,-1,-1,1
9,-1,-1,-1,1
9,-1,-1,-1,1
3,-1,-1,-1,0
3,-1,-1,-1,0
3,-1,-1,-1,0
3,-1,-1,-1,0
3,-1,-1,-1,0
2,-1,-1,-1,0
63,-1,-1,-1,0
2,-1,-1,-1,0
4,-1,-1,-1,1
-1,-1,-1,-1,0
4,-1,-1,-1,1
4,-1,-1,-1,1
24,-1,-1,-1,1
4,-1,-1,-1,1
-1,-1,-1,-1,0
-1,-1,-1,-1,0
-1,-1,-1,-1,0
-1,-1,-1,-1,0
-1,-1,-1,-1,0
-1,-1,-1,-1,0
-1,-1,-1,-1,0
-1,-1,-1,-1,0
-1,-1,-1,-1,0
-1,-1,-1,-1,0
-1,-1,-1,-1,0
-1,-1,-1,-1,0
-1,-1,-1,-1,0
-1,-1,-1,-1,0
-1,-1,-1,-1,0
-1,-1,-1,-1,0
-1,-1,-1,-1,0
9,-1,-1,-1,1
4,-1,-1,-1,1
24,-1,-1,-1,1
9,-1,-1,-1,1
-1,-1,-1,-1,0
-1,-1,-1,-1,0
-1,-1,-1,-1,0
-1,-1,-1,-1,0
9,-1,-1,-1,1
3,-1,-1,-1,0
3,-1,-1,-1,0
24,-1,-1,-1,1
24,-1,-1,-1,1
24,-1,-1,-1,1
24,-1,-1,-1,1
24,-1,-1,-1,1
24,-1,-1,-1,1
4,-1,-1,-1,1
-1,-1,-1,-1,0
-1,-1,-1,-1,0
4,-1,-1,-1,1
24,-1,-1,-1,1
4,-1,-1,-1,1
-1,-1,-1,-1,0
-1,-1,-1,-1,0
-1,-1,-1,-1,0
-1,-1,-1,-1,0
-1,-1,-1,-1,0
-1,-1,-1,-1,0
-1,-1,-1,-1,0
-1,-1,-1,-1,0
-1,-1,-1,-1,0
-1,-1,-1,-1,0
-1,-1,-1,-1,0
-1,-1,-1,-1,0
-1,-1,-1,-1,0
-1,-1,-1,-1,0
-1,-1,-1,-1,0
-1,-1,-1,-1,0
-1,-1,-1,-1,0
9,-1,-1,-1,1
4,-1,-1,-1,1
24,-1,-1,-1,1
9,-1,-1,-1,1
-1,-1,-1,-1,0
-1,-1,-1,-1,0
-1,-1,-1,-1,0
-1,-1,-1,-1,0
9,-1,-1,-1,1
52,-1,-1,-1,0
3,-1,-1,-1,0
3,-1,-1,-1,0
3,-1,-1,-1,0
3,-1,-1,-1,0
62,-1,-1,-1,0
2,-1,-1,-1,0
2,-1,-1,-1,0
4,-1,-1,-1,1
-1,-1,-1,-1,0
-1,-1,-1,-1,0
9,-1,-1,-1,1
24,-1,-1,-1,1
4,-1,-1,-1,1
-1,-1,-1,-1,0
-1,-1,-1,-1,0
-1,-1,-1,-1,0
-1,-1,-1,-1,0
-1,-1,-1,-1,0
-1,-1,-1,-1,0
-1,-1,-1,-1,0
-1,-1,-1,-1,0
-1,-1,-1,-1,0
-1,-1,-1,-1,0
-1,-1,-1,-1,0
-1,-1,-1,-1,0
-1,-1,-1,-1,0
-1,-1,-1,-1,0
-1,-1,-1,-1,0
-1,-1,-1,-1,0
-1,-1,-1,-1,0
9,-1,-1,-1,1
4,-1,-1,-1,1
24,-1,-1,-1,1
9,-1,-1,-1,1
-1,-1,-1,-1,0
0,-1,-1,-1,0
0,-1,-1,-1,0
-1,-1,-1,-1,0
9,-1,-1,-1,1
9,-1,-1,-1,1
3,-1,-1,-1,0
3,-1,-1,-1,0
3,-1,-1,-1,0
3,-1,-1,-1,0
1,-1,-1,-1,0
1,-1,-1,-1,0
1,-1,-1,-1,0
9,-1,-1,-1,1
-1,-1,-1,-1,0
-1,-1,-1,-1,0
9,-1,-1,-1,1
24,-1,-1,-1,1
9,-1,-1,-1,1
-1,-1,-1,-1,0
-1,-1,-1,-1,0
-1,-1,-1,-1,0
-1,-1,-1,-1,0
-1,-1,-1,-1,0
-1,-1,-1,-1,0
-1,-1,-1,-1,0
-1,-1,-1,-1,0
-1,-1,-1,-1,0
-1,-1,-1,-1,0
-1,-1,-1,-1,0
-1,-1,-1,-1,0
-1,-1,-1,-1,0
-1,-1,-1,-1,0
-1,-1,-1,-1,0
-1,-1,-1,-1,0
-1,-1,-1,-1,0
9,-1,-1,-1,1
4,-1,-1,-1,1
24,-1,-1,-1,1
9,-1,-1,-1,1
-1,-1,-1,-1,0
0,-1,-1,-1,0
0,-1,-1,-1,0
-1,-1,-1,-1,0
-1,-1,-1,-1,0
9,-1,-1,-1,1
3,-1,-1,-1,0
3,-1,-1,-1,0
3,-1,-1,-1,0
3,-1,-1,-1,0
1,-1,-1,-1,0
1,-1,-1,-1,0
9,-1,-1,-1,1
9,-1,-1,-1,1
-1,-1,-1,-1,0
-1,-1,-1,-1,0
9,-1,-1,-1,1
24,-1,-1,-1,1
9,-1,-1,-1,1
-1,-1,-1,-1,0
-1,-1,-1,-1,0
-1,-1,-1,-1,0
-1,-1,-1,-1,0
-1,-1,-1,-1,0
-1,-1,-1,-1,0
-1,-1,-1,-1,0
-1,-1,-1,-1,0
-1,-1,-1,-1,0
-1,-1,-1,-1,0
-1,-1,-1,-1,0
-1,-1,-1,-1,0
-1,-1,-1,-1,0
-1,-1,-1,-1,0
-1,-1,-1,-1,0
-1,-1,-1,-1,0
-1,-1,-1,-1,0
9,-1,-1,-1,1
4,-1,-1,-1,1
24,-1,-1,-1,1
9,-1,-1,-1,1
-1,-1,-1,-1,0
-1,-1,-1,-1,0
-1,-1,-1,-1,0
-1,-1,-1,-1,0
-1,-1,-1,-1,0
9,-1,-1,-1,1
9,-1,-1,-1,1
3,-1,-1,-1,0
3,-1,-1,-1,0
3,-1,-1,-1,0
1,-1,-1,-1,0
1,-1,-1,-1,0
9,-1,-1,-1,1
-1,-1,-1,-1,0
-1,-1,-1,-1,0
-1,-1,-1,-1,0
9,-1,-1,-1,1
24,-1,-1,-1,1
9,-1,-1,-1,1
-1,-1,-1,-1,0
-1,-1,-1,-1,0
-1,-1,-1,-1,0
-1,-1,-1,-1,0
-1,-1,-1,-1,0
-1,-1,-1,-1,0
-1,-1,-1,-1,0
-1,-1,-1,-1,0
-1,-1,-1,-1,0
-1,-1,-1,-1,0
-1,-1,-1,-1,0
-1,-1,-1,-1,0
-1,-1,-1,-1,0
-1,-1,-1,-1,0
-1,-1,-1,-1,0
-1,-1,-1,-1,0
-1,-1,-1,-1,0
9,-1,-1,-1,1
4,-1,-1,-1,1
24,-1,-1,-1,1
9,-1,-1,-1,1
-1,-1,-1,-1,0
-1,-1,-1,-1,0
0,-1,-1,-1,0
-1,-1,-1,-1,0
-1,-1,-1,-1,0
-1,-1,-1,-1,0
9,-1,-1,-1,1
3,-1,-1,-1,0
3,-1,-1,-1,0
3,-1,-1,-1,0
1,-1,-1,-1,0
1,-1,-1,-1,0
9,-1,-1,-1,1
-1,-1,-1,-1,0
-1,-1,-1,-1,0
-1,-1,-1,-1,0
9,-1,-1,-1,1
24,-1,-1,-1,1
9,-1,-1,-1,1
-1,-1,-1,-1,0
-1,-1,-1,-1,0
-1,-1,-1,-1,0
-1,-1,-1,-1,0
-1,-1,-1,-1,0
-1,-1,-1,-1,0
-1,-1,-1,-1,0
-1,-1,-1,-1,0
-1,-1,-1,-1,0
-1,-1,-1,-1,0
-1,-1,-1,-1,0
-1,-1,-1,-1,0
-1,-1,-1,-1,0
-1,-1,-1,-1,0
-1,-1,-1,-1,0
-1,-1,-1,-1,0
-1,-1,-1,-1,0
9,-1,-1,-1,1
4,-1,-1,-1,1
24,-1,-1,-1,1
9,-1,-1,-1,1
-1,-1,-1,-1,0
-1,-1,-1,-1,0
-1,-1,-1,-1,0
-1,-1,-1,-1,0
-1,-1,-1,-1,0
-1,-1,-1,-1,0
-1,-1,-1,-1,0
9,-1,-1,-1,1
3,-1,-1,-1,0
3,-1,-1,-1,0
1,-1,-1,-1,0
1,105,-1,-1,0
9,-1,-1,-1,1
-1,-1,-1,-1,0
-1,-1,-1,-1,0
-1,-1,-1,-1,0
9,-1,-1,-1,1
24,-1,-1,-1,1
9,-1,-1,-1,1
-1,-1,-1,-1,0
-1,-1,-1,-1,0
-1,-1,-1,-1,0
-1,-1,-1,-1,0
-1,-1,-1,-1,0
-1,-1,-1,-1,0
-1,-1,-1,-1,0
-1,-1,-1,-1,0
-1,-1,-1,-1,0
-1,-1,-1,-1,0
-1,-1,-1,-1,0
-1,-1,-1,-1,0
-1,-1,-1,-1,0
-1,-1,-1,-1,0
-1,-1,-1,-1,0
-1,-1,-1,-1,0
-1,-1,-1,-1,0
9,-1,-1,-1,1
4,-1,-1,-1,1
24,-1,-1,-1,1
9,-1,-1,-1,1
-1,-1,-1,-1,0
-1,-1,-1,-1,0
-1,-1,-1,-1,0
0,-1,-1,-1,0
-1,-1,-1,-1,0
-1,-1,-1,-1,0
-1,-1,-1,-1,0
9,-1,-1,-1,1
3,83,-1,-1,0
73,-1,-1,-1,0
1,-1,-1,-1,0
9,-1,-1,-1,1
9,-1,-1,-1,1
-1,-1,-1,-1,0
-1,-1,-1,-1,0
-1,-1,-1,-1,0
9,-1,-1,-1,1
24,-1,-1,-1,1
9,-1,-1,-1,1
-1,-1,-1,-1,0
-1,-1,-1,-1,0
-1,-1,-1,-1,0
-1,-1,-1,-1,0
-1,-1,-1,-1,0
-1,-1,-1,-1,0
-1,-1,-1,-1,0
-1,-1,-1,-1,0
-1,-1,-1,-1,0
-1,-1,-1,-1,0
-1,-1,-1,-1,0
-1,-1,-1,-1,0
-1,-1,-1,-1,0
-1,-1,-1,-1,0
-1,-1,-1,-1,0
-1,-1,-1,-1,0
-1,-1,-1,-1,0
9,-1,-1,-1,1
4,-1,-1,-1,1
24,-1,-1,-1,1
9,-1,-1,-1,1
-1,-1,-1,-1,0
-1,-1,-1,-1,0
-1,-1,-1,-1,0
-1,-1,-1,-1,0
-1,-1,-1,-1,0
-1,-1,-1,-1,0
-1,-1,-1,-1,0
9,-1,-1,-1,1
9,-1,-1,-1,1
3,-1,-1,-1,0
9,-1,-1,-1,1
9,-1,-1,-1,1
-1,-1,-1,-1,0
-1,-1,-1,-1,0
-1,-1,-1,-1,0
-1,-1,-1,-1,0
9,-1,-1,-1,1
24,-1,-1,-1,1
9,-1,-1,-1,1
-1,-1,-1,-1,0
-1,-1,-1,-1,0
-1,-1,-1,-1,0
-1,-1,-1,-1,0
-1,-1,-1,-1,0
-1,-1,-1,-1,0
-1,-1,-1,-1,0
-1,-1,-1,-1,0
-1,-1,-1,-1,0
-1,-1,-1,-1,0
-1,-1,-1,-1,0
-1,-1,-1,-1,0
-1,-1,-1,-1,0
-1,-1,-1,-1,0
-1,-1,-1,-1,0
-1,-1,-1,-1,0
-1,-1,-1,-1,0
9,-1,-1,-1,1
4,-1,-1,-1,1
24,-1,-1,-1,1
9,-1,-1,-1,1
-1,-1,-1,-1,0
-1,-1,-1,-1,0
-1,-1,-1,-1,0
-1,-1,-1,-1,0
-1,-1,-1,-1,0
-1,-1,-1,-1,0
-1,-1,-1,-1,0
-1,-1,-1,-1,0
9,-1,-1,-1,1
9,-1,-1,-1,1
9,-1,-1,-1,1
-1,-1,-1,-1,0
-1,-1,-1,-1,0
-1,-1,-1,-1,0
-1,-1,-1,-1,0
-1,-1,-1,-1,0
9,-1,-1,-1,1
24,-1,-1,-1,1
9,-1,-1,-1,1
-1,-1,-1,-1,0
-1,-1,-1,-1,0
-1,-1,-1,-1,0
-1,-1,-1,-1,0
-1,-1,-1,-1,0
-1,-1,-1,-1,0
-1,-1,-1,-1,0
-1,-1,-1,-1,0
-1,-1,-1,-1,0
-1,-1,-1,-1,0
-1,-1,-1,-1,0
-1,-1,-1,-1,0
-1,-1,-1,-1,0
-1,-1,-1,-1,0
-1,-1,-1,-1,0
-1,-1,-1,-1,0
-1,-1,-1,-1,0
9,-1,-1,-1,1
4,-1,-1,-1,1
24,-1,-1,-1,1
9,-1,-1,-1,1
-1,-1,-1,-1,0
-1,-1,-1,-1,0
-1,-1,-1,-1,0
-1,-1,-1,-1,0
-1,-1,-1,-1,0
-1,-1,-1,-1,0
-1,-1,-1,-1,0
-1,-1,-1,-1,0
-1,-1,-1,-1,0
-1,-1,-1,-1,0
-1,-1,-1,-1,0
-1,-1,-1,-1,0
-1,-1,-1,-1,0
-1,-1,-1,-1,0
-1,-1,-1,-1,0
-1,-1,-1,-1,0
9,-1,-1,-1,1
24,-1,-1,-1,1
9,-1,-1,-1,1
-1,-1,-1,-1,0
-1,-1,-1,-1,0
-1,-1,-1,-1,0
-1,-1,-1,-1,0
-1,-1,-1,-1,0
-1,-1,-1,-1,0
-1,-1,-1,-1,0
-1,-1,-1,-1,0
-1,-1,-1,-1,0
-1,-1,-1,-1,0
-1,-1,-1,-1,0
-1,-1,-1,-1,0
-1,-1,-1,-1,0
-1,-1,-1,-1,0
-1,-1,-1,-1,0
-1,-1,-1,-1,0
-1,-1,-1,-1,0
9,-1,-1,-1,1
4,-1,-1,-1,1
24,-1,-1,-1,1
9,-1,-1,-1,1
9,-1,-1,-1,1
9,-1,-1,-1,1
9,-1,-1,-1,1
9,-1,-1,-1,1
9,-1,-1,-1,1
9,-1,-1,-1,1
9,-1,-1,-1,1
9,-1,-1,-1,1
9,-1,-1,-1,1
9,-1,-1,-1,1
9,-1,-1,-1,1
9,-1,-1,-1,1
9,-1,-1,-1,1
9,-1,-1,-1,1
9,-1,-1,-1,1
9,-1,-1,-1,1
9,-1,-1,-1,1
24,-1,-1,-1,1
9,-1,-1,-1,1
-1,-1,-1,-1,0
-1,-1,-1,-1,0
-1,-1,-1,-1,0
-1,-1,-1,-1,0
-1,-1,-1,-1,0
-1,-1,-1,-1,0
-1,-1,-1,-1,0
-1,-1,-1,-1,0
-1,-1,-1,-1,0
-1,-1,-1,-1,0
-1,-1,-1,-1,0
-1,-1,-1,-1,0
-1,-1,-1,-1,0
-1,-1,-1,-1,0
-1,-1,-1,-1,0
-1,-1,-1,-1,0
-1,-1,-1,-1,0
9,-1,-1,-1,1
4,-1,-1,-1,1
24,66,-1,-1,1
24,-1,-1,-1,1
24,-1,-1,-1,1
24,-1,-1,-1,1
24,-1,-1,-1,1
24,-1,-1,-1,1
24,-1,-1,-1,1
24,-1,-1,-1,1
24,-1,-1,-1,1
24,-1,-1,-1,1
24,-1,-1,-1,1
24,-1,-1,-1,1
24,-1,-1,-1,1
24,-1,-1,-1,1
24,-1,-1,-1,1
24,-1,-1,-1,1
24,-1,-1,-1,1
24,-1,-1,-1,1
24,-1,-1,-1,1
24,67,-1,-1,1
9,-1,-1,-1,1
-1,-1,-1,-1,0
-1,-1,-1,-1,0
-1,-1,-1,-1,0
-1,-1,-1,-1,0
-1,-1,-1,-1,0
-1,-1,-1,-1,0
-1,-1,-1,-1,0
-1,-1,-1,-1,0
-1,-1,-1,-1,0
-1,-1,-1,-1,0
-1,-1,-1,-1,0
-1,-1,-1,-1,0
-1,-1,-1,-1,0
-1,-1,-1,-1,0
-1,-1,-1,-1,0
-1,-1,-1,-1,0
-1,-1,-1,-1,0
9,-1,-1,-1,1
4,-1,-1,-1,1
24,-1,-1,-1,1
9,-1,-1,-1,1
9,-1,-1,-1,1
9,-1,-1,-1,1
9,-1,-1,-1,1
9,-1,-1,-1,1
9,-1,-1,-1,1
9,-1,-1,-1,1
9,-1,-1,-1,1
9,-1,-1,-1,1
9,-1,-1,-1,1
9,-1,-1,-1,1
9,-1,-1,-1,1
9,-1,-1,-1,1
9,-1,-1,-1,1
9,-1,-1,-1,1
9,-1,-1,-1,1
9,-1,-1,-1,1
9,-1,-1,-1,1
9,-1,-1,-1,1
9,-1,-1,-1,1
-1,-1,-1,-1,0
-1,-1,-1,-1,0
-1,-1,-1,-1,0
-1,-1,-1,-1,0
-1,-1,-1,-1,0
-1,-1,-1,-1,0
-1,-1,-1,-1,0
-1,-1,-1,-1,0
-1,-1,-1,-1,0
-1,-1,-1,-1,0
-1,-1,-1,-1,0
-1,-1,-1,-1,0
-1,-1,-1,-1,0
-1,-1,-1,-1,0
-1,-1,-1,-1,0
-1,-1,-1,-1,0
-1,-1,-1,-1,0
9,-1,-1,-1,1
4,-1,-1,-1,1
24,-1,-1,-1,1
9,-1,-1,-1,1
-1,-1,-1,-1,0
-1,-1,-1,-1,0
-1,-1,-1,-1,0
-1,-1,-1,-1,0
-1,-1,-1,-1,0
-1,-1,-1,-1,0
-1,-1,-1,-1,0
-1,-1,-1,-1,0
-1,-1,-1,-1,0
-1,-1,-1,-1,0
-1,-1,-1,-1,0
-1,-1,-1,-1,0
-1,-1,-1,-1,0
-1,-1,-1,-1,0
-1,-1,-1,-1,0
-1,-1,-1,-1,0
-1,-1,-1,-1,0
-1,-1,-1,-1,0
-1,-1,-1,-1,0
-1,-1,-1,-1,0
-1,-1,-1,-1,0
-1,-1,-1,-1,0
-1,-1,-1,-1,0
-1,-1,-1,-1,0
-1,-1,-1,-1,0
-1,-1,-1,-1,0
-1,-1,-1,-1,0
-1,-1,-1,-1,0
-1,-1,-1,-1,0
-1,-1,-1,-1,0
-1,-1,-1,-1,0
-1,-1,-1,-1,0
-1,-1,-1,-1,0
-1,-1,-1,-1,0
-1,-1,-1,-1,0
-1,-1,-1,-1,0
9,-1,-1,-1,1
4,-1,-1,-1,1
24,-1,-1,-1,1
9,-1,-1,-1,1
-1,-1,-1,-1,0
-1,-1,-1,-1,0
-1,-1,-1,-1,0
-1,-1,-1,-1,0
-1,-1,-1,-1,0
-1,-1,-1,-1,0
-1,-1,-1,-1,0
-1,-1,-1,-1,0
-1,-1,-1,-1,0
-1,-1,-1,-1,0
-1,-1,-1,-1,0
-1,-1,-1,-1,0
-1,-1,-1,-1,0
-1,-1,-1,-1,0
-1,-1,-1,-1,0
-1,-1,-1,-1,0
-1,-1,-1,-1,0
-1,-1,-1,-1,0
-1,-1,-1,-1,0
-1,-1,-1,-1,0
-1,-1,-1,-1,0
-1,-1,-1,-1,0
-1,-1,-1,-1,0
-1,-1,-1,-1,0
-1,-1,-1,-1,0
-1,-1,-1,-1,0
-1,-1,-1,-1,0
-1,-1,-1,-1,0
-1,-1,-1,-1,0
-1,-1,-1,-1,0
-1,-1,-1,-1,0
-1,-1,-1,-1,0
-1,-1,-1,-1,0
-1,-1,-1,-1,0
-1,-1,-1,-1,0
-1,-1,-1,-1,0
9,-1,-1,-1,1
4,-1,-1,-1,1
24,-1,-1,-1,1
9,-1,-1,-1,1
-1,-1,-1,-1,0
-1,-1,-1,-1,0
-1,-1,-1,-1,0
-1,-1,-1,-1,0
-1,-1,-1,-1,0
-1,-1,-1,-1,0
-1,-1,-1,-1,0
-1,-1,-1,-1,0
-1,-1,-1,-1,0
-1,-1,-1,-1,0
-1,-1,-1,-1,0
-1,-1,-1,-1,0
-1,-1,-1,-1,0
-1,-1,-1,-1,0
-1,-1,-1,-1,0
-1,-1,-1,-1,0
-1,-1,-1,-1,0
-1,-1,-1,-1,0
-1,-1,-1,-1,0
-1,-1,-1,-1,0
-1,-1,-1,-1,0
-1,-1,-1,-1,0
-1,-1,-1,-1,0
-1,-1,-1,-1,0
-1,-1,-1,-1,0
-1,-1,-1,-1,0
-1,-1,-1,-1,0
-1,-1,-1,-1,0
-1,-1,-1,-1,0
-1,-1,-1,-1,0
-1,-1,-1,-1,0
-1,-1,-1,-1,0
-1,-1,-1,-1,0
-1,-1,-1,-1,0
-1,-1,-1,-1,0
-1,-1,-1,-1,0
9,-1,-1,-1,1
4,-1,-1,-1,1
24,-1,-1,-1,1
9,-1,-1,-1,1
-1,-1,-1,-1,0
-1,-1,-1,-1,0
-1,-1,-1,-1,0
-1,-1,-1,-1,0
-1,-1,-1,-1,0
-1,-1,-1,-1,0
-1,-1,-1,-1,0
-1,-1,-1,-1,0
-1,-1,-1,-1,0
-1,-1,-1,-1,0
-1,-1,-1,-1,0
-1,-1,-1,-1,0
-1,-1,-1,-1,0
-1,-1,-1,-1,0
-1,-1,-1,-1,0
-1,-1,-1,-1,0
-1,-1,-1,-1,0
-1,-1,-1,-1,0
-1,-1,-1,-1,0
-1,-1,-1,-1,0
-1,-1,-1,-1,0
-1,-1,-1,-1,0
-1,-1,-1,-1,0
-1,-1,-1,-1,0
-1,-1,-1,-1,0
-1,-1,-1,-1,0
-1,-1,-1,-1,0
-1,-1,-1,-1,0
-1,-1,-1,-1,0
-1,-1,-1,-1,0
-1,-1,-1,-1,0
-1,-1,-1,-1,0
-1,-1,-1,-1,0
-1,-1,-1,-1,0
-1,-1,-1,-1,0
-1,-1,-1,-1,0
9,-1,-1,-1,1
4,-1,-1,-1,1
24,-1,-1,-1,1
9,-1,-1,-1,1
-1,-1,-1,-1,0
-1,-1,-1,-1,0
-1,-1,-1,-1,0
-1,-1,-1,-1,0
-1,-1,-1,-1,0
-1,-1,-1,-1,0
-1,-1,-1,-1,0
-1,-1,-1,-1,0
-1,-1,-1,-1,0
-1,-1,-1,-1,0
-1,-1,-1,-1,0
-1,-1,-1,-1,0
-1,-1,-1,-1,0
-1,-1,-1,-1,0
-1,-1,-1,-1,0
-1,-1,-1,-1,0
-1,-1,-1,-1,0
-1,-1,-1,-1,0
-1,-1,-1,-1,0
-1,-1,-1,-1,0
-1,-1,-1,-1,0
-1,-1,-1,-1,0
-1,-1,-1,-1,0
-1,-1,-1,-1,0
-1,-1,-1,-1,0
-1,-1,-1,-1,0
-1,-1,-1,-1,0
-1,-1,-1,-1,0
-1,-1,-1,-1,0
-1,-1,-1,-1,0
-1,-1,-1,-1,0
-1,-1,-1,-1,0
-1,-1,-1,-1,0
-1,-1,-1,-1,0
-1,-1,-1,-1,0
-1,-1,-1,-1,0
9,-1,-1,-1,1
4,-1,-1,-1,1
24,-1,-1,-1,1
9,-1,-1,-1,1
-1,-1,-1,-1,0
-1,-1,-1,-1,0
-1,-1,-1,-1,0
-1,-1,-1,-1,0
-1,-1,-1,-1,0
-1,-1,-1,-1,0
-1,-1,-1,-1,0
-1,-1,-1,-1,0
-1,-1,-1,-1,0
-1,-1,-1,-1,0
-1,-1,-1,-1,0
-1,-1,-1,-1,0
-1,-1,-1,-1,0
-1,-1,-1,-1,0
-1,-1,-1,-1,0
-1,-1,-1,-1,0
-1,-1,-1,-1,0
-1,-1,-1,-1,0
-1,-1,-1,-1,0
-1,-1,-1,-1,0
-1,-1,-1,-1,0
-1,-1,-1,-1,0
-1,-1,-1,-1,0
-1,-1,-1,-1,0
-1,-1,-1,-1,0
-1,-1,-1,-1,0
-1,-1,-1,-1,0
-1,-1,-1,-1,0
-1,-1,-1,-1,0
-1,-1,-1,-1,0
-1,-1,-1,-1,0
-1,-1,-1,-1,0
-1,-1,-1,-1,0
-1,-1,-1,-1,0
-1,-1,-1,-1,0
-1,-1,-1,-1,0
9,-1,-1,-1,1
4,-1,-1,-1,1
24,-1,-1,-1,1
9,-1,-1,-1,1
-1,-1,-1,-1,0
-1,-1,-1,-1,0
-1,-1,-1,-1,0
-1,-1,-1,-1,0
-1,-1,-1,-1,0
-1,-1,-1,-1,0
-1,-1,-1,-1,0
-1,-1,-1,-1,0
-1,-1,-1,-1,0
-1,-1,-1,-1,0
-1,-1,-1,-1,0
-1,-1,-1,-1,0
-1,-1,-1,-1,0
-1,-1,-1,-1,0
-1,-1,-1,-1,0
-1,-1,-1,-1,0
-1,-1,-1,-1,0
-1,-1,-1,-1,0
-1,-1,-1,-1,0
-1,-1,-1,-1,0
-1,-1,-1,-1,0
-1,-1,-1,-1,0
-1,-1,-1,-1,0
-1,-1,-1,-1,0
-1,-1,-1,-1,0
-1,-1,-1,-1,0
-1,-1,-1,-1,0
-1,-1,-1,-1,0
-1,-1,-1,-1,0
-1,-1,-1,-1,0
-1,-1,-1,-1,0
-1,-1,-1,-1,0
-1,-1,-1,-1,0
-1,-1,-1,-1,0
-1,-1,-1,-1,0
-1,-1,-1,-1,0
9,-1,-1,-1,1
4,-1,-1,-1,1
24,-1,-1,-1,1
24,-1,-1,-1,1
24,-1,-1,-1,1
24,-1,-1,-1,1
24,-1,-1,-1,1
24,-1,-1,-1,1
24,-1,-1,-1,1
24,-1,-1,-1,1
-1,-1,-1,-1,0
-1,-1,-1,-1,0
-1,-1,-1,-1,0
-1,-1,-1,-1,0
-1,-1,-1,-1,0
-1,-1,-1,-1,0
-1,-1,-1,-1,0
-1,-1,-1,-1,0
-1,-1,-1,-1,0
-1,-1,-1,-1,0
-1,-1,-1,-1,0
-1,-1,-1,-1,0
-1,-1,-1,-1,0
-1,-1,-1,-1,0
-1,-1,-1,-1,0
-1,-1,-1,-1,0
-1,-1,-1,-1,0
-1,-1,-1,-1,0
-1,-1,-1,-1,0
-1,-1,-1,-1,0
-1,-1,-1,-1,0
-1,-1,-1,-1,0
-1,-1,-1,-1,0
-1,-1,-1,-1,0
-1,-1,-1,-1,0
-1,-1,-1,-1,0
-1,-1,-1,-1,0
-1,-1,-1,-1,0
-1,-1,-1,-1,0
-1,-1,-1,-1,0
9,-1,-1,-1,1
4,-1,-1,-1,1
24,-1,-1,-1,1
23,105,-1,-1,0
23,105,-1,-1,0
23,105,-1,-1,0
23,105,-1,-1,0
23,105,-1,-1,0
23,105,-1,-1,0
24,-1,-1,-1,1
-1,-1,-1,-1,0
-1,-1,-1,-1,0
-1,-1,-1,-1,0
-1,-1,-1,-1,0
-1,-1,-1,-1,0
-1,-1,-1,-1,0
-1,-1,-1,-1,0
-1,-1,-1,-1,0
-1,-1,-1,-1,0
-1,-1,-1,-1,0
-1,-1,-1,-1,0
-1,-1,-1,-1,0
-1,-1,-1,-1,0
-1,-1,-1,-1,0
-1,-1,-1,-1,0
-1,-1,-1,-1,0
-1,-1,-1,-1,0
-1,-1,-1,-1,0
-1,-1,-1,-1,0
-1,-1,-1,-1,0
-1,-1,-1,-1,0
-1,-1,-1,-1,0
-1,-1,-1,-1,0
-1,-1,-1,-1,0
-1,-1,-1,-1,0
-1,-1,-1,-1,0
-1,-1,-1,-1,0
-1,-1,-1,-1,0
-1,-1,-1,-1,0
-1,-1,-1,-1,0
9,-1,-1,-1,1
4,-1,-1,-1,1
24,-1,-1,-1,1
23,105,-1,-1,0
23,105,-1,-1,0
23,105,-1,-1,0
23,105,-1,-1,0
23,105,-1,-1,0
23,105,-1,-1,0
24,-1,-1,-1,1
-1,-1,-1,-1,0
-1,-1,-1,-1,0
-1,-1,-1,-1,0
-1,-1,-1,-1,0
-1,-1,-1,-1,0
-1,-1,-1,-1,0
-1,-1,-1,-1,0
-1,-1,-1,-1,0
-1,-1,-1,-1,0
-1,-1,-1,-1,0
-1,-1,-1,-1,0
-1,-1,-1,-1,0
-1,-1,-1,-1,0
-1,-1,-1,-1,0
-1,-1,-1,-1,0
-1,-1,-1,-1,0
-1,-1,-1,-1,0
-1,-1,-1,-1,0
-1,-1,-1,-1,0
-1,-1,-1,-1,0
-1,-1,-1,-1,0
-1,-1,-1,-1,0
-1,-1,-1,-1,0
-1,-1,-1,-1,0
-1,-1,-1,-1,0
-1,-1,-1,-1,0
-1,-1,-1,-1,0
-1,-1,-1,-1,0
-1,-1,-1,-1,0
-1,-1,-1,-1,0
9,-1,-1,-1,1
4,-1,-1,-1,1
24,-1,-1,-1,1
24,-1,-1,-1,1
24,-1,-1,-1,1
24,-1,-1,-1,1
24,-1,-1,-1,1
24,-1,-1,-1,1
24,-1,-1,-1,1
24,-1,-1,-1,1
-1,-1,-1,-1,0
-1,-1,-1,-1,0
-1,-1,-1,-1,0
-1,-1,-1,-1,0
-1,-1,-1,-1,0
-1,-1,-1,-1,0
-1,-1,-1,-1,0
-1,-1,-1,-1,0
-1,-1,-1,-1,0
-1,-1,-1,-1,0
-1,-1,-1,-1,0
-1,-1,-1,-1,0
-1,-1,-1,-1,0
-1,-1,-1,-1,0
-1,-1,-1,-1,0
-1,-1,-1,-1,0
-1,-1,-1,-1,0
-1,-1,-1,-1,0
-1,-1,-1,-1,0
-1,-1,-1,-1,0
-1,-1,-1,-1,0
-1,-1,-1,-1,0
-1,-1,-1,-1,0
-1,-1,-1,-1,0
-1,-1,-1,-1,0
-1,-1,-1,-1,0
-1,-1,-1,-1,0
-1,-1,-1,-1,0
